0 0.214 0.4053333333333333 0.20400000000000001 0.4746666666666666
0 0.392 0.4066666666666667 0.196 0.4933333333333333
0 0.5670000000000001 0.416 0.19 0.5013333333333333
0 0.742 0.4026666666666667 0.176 0.46399999999999997
0 0.256 0.8106666666666666 0.184 0.3466666666666667
0 0.41600000000000004 0.8013333333333333 0.16 0.33866666666666667
0 0.495 0.7959999999999999 0.314 0.3173333333333333
0 0.645 0.7813333333333333 0.338 0.3413333333333333
0 0.728 0.39066666666666666 0.212 0.4933333333333333
0 0.898 0.38666666666666666 0.184 0.48533333333333334
