0 0.19599999999999998 0.376 0.072 0.064
0 0.25066666666666665 0.377 0.07466666666666666 0.08600000000000001
0 0.5306666666666666 0.372 0.05333333333333333 0.064
0 0.5893333333333333 0.376 0.064 0.092
0 0.6546666666666666 0.376 0.06666666666666667 0.084
0 0.7133333333333333 0.369 0.050666666666666665 0.082
0 0.772 0.378 0.06666666666666667 0.084
0 0.8266666666666667 0.371 0.06933333333333333 0.08600000000000001
0 0.19466666666666665 0.482 0.048 0.08
0 0.252 0.486 0.056 0.088
0 0.30133333333333334 0.483 0.06933333333333333 0.08600000000000001
0 0.356 0.486 0.06133333333333333 0.08
0 0.42133333333333334 0.488 0.064 0.1
0 0.476 0.48 0.06133333333333333 0.088
0 0.536 0.482 0.05333333333333333 0.084
0 0.5986666666666667 0.483 0.04533333333333333 0.082
0 0.6506666666666666 0.488 0.058666666666666666 0.092
0 0.7093333333333333 0.491 0.058666666666666666 0.08600000000000001
0 0.772 0.49 0.06666666666666667 0.084
0 0.8266666666666667 0.498 0.058666666666666666 0.08
