0 0.19599999999999998 0.183 0.18933333333333333 0.25
0 0.384 0.195 0.19733333333333333 0.262
0 0.6013333333333333 0.192 0.2373333333333333 0.256
0 0.8119999999999999 0.197 0.18933333333333333 0.27
0 0.8266666666666667 0.41500000000000004 0.19733333333333333 0.262
0 0.6013333333333333 0.436 0.17333333333333334 0.264
0 0.37066666666666664 0.453 0.27199999999999996 0.258
0 0.18666666666666665 0.459 0.19733333333333333 0.258
0 0.18533333333333332 0.6920000000000001 0.21066666666666667 0.23600000000000002
0 0.42933333333333334 0.683 0.16533333333333333 0.234
0 0.632 0.6960000000000001 0.16 0.23600000000000002
0 0.8306666666666667 0.672 0.15733333333333333 0.232
